metric,status,label_mode,support,fraud_support
PR_AUC,BLOCKED,OUTCOMES_MATURED,,
